CAL851	HCC2218	HCC70	KPL1	EFM192A	CAL51	EFM19	CAL120	JIMT1	HDQP1	ZR751	HCC38	HCC1143	HCC1187	HCC1395	HCC1500	HCC1806	HCC1937	HCC1954	AU565	BT549	MDAMB453	MDAMB468	T47D	BT20	CAMA1	MCF7	MDAMB157	MDAMB231
trimethylamine-N-oxide	5.9642924	6.1333209	5.8291261	5.582283	5.8472918	5.8309173	6.0093742	5.866052	5.7050558	5.7551573	5.6726692	5.9948475	5.8276809	6.242255	6.1783707	5.9716151	5.6262712	6.2334255	5.9709607	5.8362446	6.0246476	5.9810475	5.8179572	5.7770855	6.1251709	5.9017321	5.8695672	5.9398455	5.9998178
hexoses (HILIC pos)	6.3680897	5.1238191	5.8699418	5.8448316	5.8803487	6.3598292	6.0575686	5.8237472	6.0449482	6.1144716	5.9668995	5.6616701	5.9712404	5.3450756	6.3191267	6.0234663	5.8031672	5.9398491	5.8690514	6.1392038	6.1805016	6.0606045	6.0866876	5.4720603	5.1333555	5.1244756	5.847657	5.6120199	6.1079835
adenosine	5.8100938	6.1413176	5.9470751	5.6401781	5.3026875	6.6673492	5.7141117	4.5433704	5.9879766	6.5408282	5.6525293	4.6161292	4.8097347	5.8805716	5.4431096	5.8928752	5.3288446	6.2965356	5.6098565	6.0215975	5.7729925	5.4874815	6.3227943	4.2717454	5.7847124	6.0392149	6.2725013	4.7644185	6.2685712
thymidine	5.5657509	6.0640501	5.0754734	5.4328534	5.8594983	5.7188523	6.3490739	6.2797178	5.3034314	5.3913805	5.6167229	5.9095873	5.2473466	6.1335619	5.4976129	6.1537633	5.0625344	6.9885106	5.4544275	5.190882	5.9043755	5.1017346	5.8188004	6.0431901	5.9524425	5.8539781	6.4023391	5.5203072	5.5124362
xanthosine	5.9154608	5.6592944	5.8777539	5.947362	6.1036252	5.9577	5.902992	5.8311542	5.8347282	6.2158243	5.7062685	5.8223424	6.2078924	6.1423311	5.6785245	5.590084	6.0282853	6.5687182	5.6344951	5.8786862	6.1393229	5.6939654	5.7468049	5.7637761	5.7306754	5.2574374	5.8507392	5.8548356	5.8159671
2-deoxyadenosine	6.0326672	5.8615646	5.6375872	6.5039406	6.2708086	6.0767714	6.2048425	5.7439569	5.6537947	5.3463369	5.9402921	5.5165153	5.647141	5.6428134	5.4912237	6.785795	5.9028069	6.586683	6.0094757	5.9555608	5.9393927	6.5984117	5.7614417	6.5082153	5.8515097	6.1317186	6.5912441	4.9863451	6.668417
2-deoxycytidine	4.7816989	5.8987128	5.5465615	6.7456403	5.413418	6.1986814	6.1792135	5.0479482	4.8855746	4.9008934	6.3711945	5.5220042	5.2168175	6.1281496	5.8524511	6.3940042	4.8644684	6.0969577	5.6980158	6.4002461	6.544986	5.6151563	6.094875	6.5597669	6.0915587	5.8975119	6.956061	6.222906	5.298375
cAMP	6.1389685	6.0386492	5.8162952	6.5939256	5.5337269	6.0301774	5.8364465	6.2917219	6.3774955	5.7045279	5.8839763	5.7618116	6.0268647	5.7903205	5.6945604	6.2365374	6.1624573	6.2299554	5.8411923	5.9139732	5.8792555	6.1470406	5.7400659	6.0079228	6.1003609	7.0158347	6.847157	6.0684441	5.7100956
cotinine	6.3510561	6.3267023	6.1280196	5.263823	5.817848	5.9172017	6.3916963	5.2605271	5.862867	6.1246371	6.3328237	5.549987	5.0536806	6.0587203	6.2504467	6.4569365	6.2382211	6.5469791	6.0189131	5.7088426	5.830029	6.1111596	5.7624839	5.0727288	5.8999031	5.8564373	6.2757765	5.8287901	6.2049252
pipecolic acid	6.1840351	5.7610988	5.4632821	5.1739589	5.0900645	6.2523216	6.16081	6.1174943	5.1585943	6.1519055	5.7345771	5.8024011	6.0772873	4.8885944	6.1093795	5.9186219	5.3527662	6.0888723	6.042152	5.8100007	5.8033999	5.1790375	5.7914399	5.787166	6.7803924	6.3171312	6.4700529	5.8406755	5.6761366
pyroglutamic acid	5.9549986	4.8814806	6.0150932	6.28905	5.9250866	6.1129806	5.9174917	6.1047832	6.3088008	5.9842107	5.8195985	5.8527757	6.2318545	5.2803235	5.6933233	5.6176952	5.9398178	5.8132555	5.9502355	6.0625057	6.0816246	5.9872843	6.0175558	5.7949092	5.8356065	5.5743416	5.8670263	5.8512006	5.8634214
1-methylnicotinamide	7.5537861	4.1537177	7.3270669	4.0832325	3.7697776	5.2255166	4.7377722	5.122785	5.6833699	7.343506	3.8829325	5.4451975	5.5086862	5.9526731	7.1018134	4.4284133	5.0740705	7.637424	7.3093765	5.1973595	7.2424122	4.2171824	6.3613154	3.458982	7.422795	4.110105	3.8393019	7.0621473	7.2532379
butyrobetaine	5.8582536	6.2817079	5.525727	6.2150898	5.8994928	5.842495	5.9869937	5.8959281	6.0768348	6.0099561	6.0237179	5.7542627	5.7950811	5.5753854	5.4670454	5.8455575	5.6628678	5.7687341	5.894054	5.5762537	5.730108	5.8040754	5.480455	6.1900189	5.9957118	5.9392298	6.2316299	5.8376618	5.7990614
putrescine	6.1413973	5.2585704	5.9563914	6.0314812	5.7926911	5.6598936	5.3799287	6.1183671	6.1651568	5.7142976	5.8699968	5.319857	5.9154381	5.69853	5.586108	5.5090062	6.2158093	6.1626764	5.8152767	5.7078591	5.8318803	5.7531862	5.7784318	6.2070087	5.2493376	5.1150756	5.990671	5.9585937	5.6812858
methionine sulfoxide	6.0698309	5.3756054	6.0237139	6.0650228	5.9745435	5.9077221	6.1669594	6.0221447	6.1827447	5.8956513	5.8823222	5.9696936	6.1670631	5.7311546	5.8822794	5.8995007	6.1548801	6.1510869	5.7992598	5.872396	6.0165514	6.0269893	5.9306453	5.6800818	5.6030041	5.4926289	5.5964169	5.8526268	5.7933441
carnitine	5.9101723	6.1859502	5.6420763	6.1909151	5.8695024	5.9080496	5.8701443	5.8561249	6.0976393	6.055646	6.0813127	5.7462679	5.8769834	5.7438672	5.7054426	6.1425715	5.7247604	5.8839763	5.9839784	5.7722159	5.796571	5.8499522	5.4262054	6.3561702	6.1488705	6.0798118	6.1106542	5.855076	6.0542834
acetylcarnitine	5.7634776	6.4140428	5.7109138	6.2131453	6.0643813	6.2218206	5.9836236	5.7621093	6.1121228	5.9904641	6.1701627	5.6391432	5.7034089	5.4373189	5.3837258	6.0369748	5.4230518	5.6782083	6.0931529	5.583226	5.6485645	5.8078255	5.7070149	6.1644864	6.0970299	6.0837207	6.3475804	5.6531752	6.0027546
propionylcarnitine	6.5047919	6.0069539	6.17058	6.9510484	5.8839763	5.9117019	5.679024	6.5454891	6.6574353	5.6845923	6.089679	5.7781942	5.8500919	5.5663366	5.5512115	6.4300108	5.5899389	6.312589	5.7379006	5.7684017	5.8164869	5.6174674	5.6791669	6.8428596	6.268112	6.2938882	6.6428714	5.6282172	6.4246493
malonylcarnitine	5.8999096	7.0673738	5.7288513	6.448758	6.1241648	5.930773	5.7518355	5.7840373	5.9796032	5.7345967	6.655988	5.7367478	5.8346911	5.7842201	5.4252189	6.1183781	5.6333772	5.8952933	6.1761126	6.4887334	5.7131779	5.74107	5.7151027	6.3231864	6.0632773	5.8943089	6.3214116	5.8445948	5.7373265
butyrylcarnitine/isobutyrylcarnitine	5.8426398	6.8317841	5.5183027	6.2066628	6.3491572	5.769968	6.2656807	5.5976008	5.7227664	5.6874499	6.6641958	5.9462579	5.2678419	6.210794	5.3520441	6.0213563	5.407435	5.929487	6.0651123	6.0201328	5.5259062	6.4174	5.2871215	6.3953758	6.2236529	6.2870379	7.3164958	5.2668589	5.3850273
valerylcarnitine/isovalerylcarnitine/2-methylbutyroylcarnitine	6.6108367	5.5093139	5.671029	6.1733567	6.7219977	5.6976504	6.7932719	6.2306887	6.0277144	5.9920548	6.12012	5.5026124	5.9840578	6.3145381	5.8666162	5.8912164	5.1813859	5.9805811	6.5429847	6.7882851	5.873651	6.7111372	5.474199	6.8693889	5.8839763	6.2613758	5.9360482	6.5770463	5.8545556
hexanoylcarnitine	5.7835144	7.5649113	5.6832292	6.4993379	6.9261656	5.9075921	6.0985865	5.7076511	5.6678786	5.8387281	6.6885987	6.060952	6.0204404	6.1373337	5.6312982	5.8601654	5.6094977	6.23371	5.6672452	6.3565011	6.0688158	6.3604407	5.6732192	6.4760115	5.7767017	5.9999925	6.4340559	5.6627896	5.7012854
heptanoylcarnitine	5.8752093	7.1480145	5.8381518	5.9360309	6.0678685	6.1313265	6.0126269	5.5688827	5.7693235	5.7962433	5.9352153	6.044479	6.1461594	5.8545396	5.8289504	5.6413677	5.7875283	6.172265	5.3354668	5.9939606	6.1367994	6.1624704	5.8694582	5.9268938	5.8982101	5.3884285	6.0369415	5.6201286	5.8840289
lauroylcarnitine	6.1033868	8.0243472	5.9195219	6.2860898	7.9305012	6.0244311	7.0224572	6.0051727	6.1372359	5.2522929	6.7780053	6.8972169	6.6743255	6.5877209	6.3388228	6.2202321	5.229127	6.4322078	5.8412278	7.4551734	5.8235115	7.1723645	5.4989284	6.6376862	6.1168499	6.1286608	6.2420906	5.9216022	5.6476906
myristoylcarnitine	5.9468844	7.8746314	5.9186864	6.7033618	7.8105881	5.9718407	7.5465528	5.9836322	5.9047654	5.0848482	6.5398441	6.7524924	7.1575601	6.5577542	6.0629263	6.3823358	5.3178625	6.4696259	5.8690196	7.7976874	5.9970958	7.044028	5.6454349	6.6914187	6.3069544	6.3059297	6.2707081	6.117667	5.6199252
palmitoylcarnitine	5.8890424	8.1373235	5.8918339	6.4674718	7.583401	5.7293963	7.4695527	6.1540542	5.7506174	5.0074342	5.9379227	6.7745796	7.0479247	6.7095302	5.599071	6.2981261	5.5283999	6.4975051	5.6909605	7.7979854	6.2196354	7.0123363	5.7167681	6.5005975	6.2855181	6.4572732	5.8151156	6.2555751	5.7693328
stearoylcarnitine	5.9473784	7.9108938	5.1582935	6.1161496	7.193194	5.8883758	7.2253493	5.7535798	5.7077307	5.2258792	5.6934157	7.1107073	6.9931014	6.6903099	5.7182961	6.4326386	5.6447255	6.6562116	5.7806269	7.4395527	6.3963504	6.8112014	5.7179388	6.1166694	6.4425828	6.199761	5.6430316	6.2655941	6.1986595
oleylcarnitine	5.9289517	7.852177	5.7204176	6.3704283	7.2635143	6.1885462	7.2587488	5.8978013	5.5972784	5.1407906	6.221932	6.9375872	7.0744103	6.437597	6.0938506	6.2141363	5.2858289	6.9284213	6.0501456	7.6040759	6.4931816	6.6936815	5.6690713	6.206625	6.2715608	6.1231055	6.4590308	6.0998297	5.7359893
arachidonyl_carnitine	6.0124041	6.1483101	5.6825324	5.6526177	6.1685957	5.9374237	5.706425	5.3565899	5.6067272	5.8729879	6.05433	5.3407457	5.2188518	6.3225195	6.0680246	6.5205408	5.6749989	6.1176344	5.8000547	5.9992883	5.8255904	6.0765561	5.697907	6.1042178	6.0714876	5.9858111	6.3756661	5.8429525	5.9389835
sarcosine	5.893954	6.0804487	6.2908198	6.175106	6.1231627	5.7652279	6.2245414	5.6618737	6.1933067	5.6902806	6.5160345	6.1660669	6.0129671	5.7468237	5.6920015	5.8073791	6.2456318	6.2569278	5.8550054	5.7575962	5.8308465	6.6448341	6.0339455	6.1215095	5.7940236	6.2505058	5.8924825	5.6230673	5.491237
beta-alanine	5.7283225	5.7552141	5.7348423	5.5576732	5.5871257	5.524897	5.353586	5.7106904	6.2597307	6.0479771	5.2805013	6.2263965	5.7848435	5.3620068	5.8350011	5.6232142	5.9612175	5.4726837	6.0561076	5.5166654	5.5366268	5.3563504	5.308772	5.6976699	6.2656914	4.9313893	5.4807452	5.5628103	5.7259591
anserine	5.9455147	5.2265782	6.2876738	5.6127264	6.2863433	5.9443558	6.0711699	5.761011	5.9906171	6.1039651	5.8338557	6.1464344	6.1578678	5.3980701	5.8529373	5.8135122	5.9819483	5.8298799	5.5817011	5.8800497	6.2846225	5.6890432	5.7711968	5.8529334	6.00864	5.5331702	5.7797754	5.8936558	5.8535874
C14:0 LPC	5.6610504	6.2420602	5.7309039	6.1514031	6.2223926	6.0454367	6.0786772	6.0269272	5.9248148	5.657341	5.6557988	5.8805909	5.9887052	5.9654273	6.4139118	6.4275601	5.788117	6.1181185	6.1522389	6.0709012	5.9156082	6.3509322	5.8930083	6.1623482	5.6615954	6.0400369	5.964474	5.9651216	6.0402186
C16:1 LPC	6.0553821	6.1937575	5.8391008	6.327367	6.1034662	6.1913082	5.7885126	6.1735081	5.9097882	5.7475814	6.1434131	5.6445411	5.9976915	5.9374358	6.3860417	6.1601204	5.5699759	6.1042592	5.9198856	5.9180946	5.8374272	5.9540856	6.1318248	6.113737	5.6969801	5.8793835	6.1172566	5.7759094	6.0233602
C16:0 LPC	6.0214834	6.3422334	5.709894	5.6908655	6.3262713	6.2199084	6.1842838	5.908176	5.9128772	5.8312702	5.7608902	5.8190781	6.0585552	6.1387164	6.4835658	6.2994626	5.6258281	5.7422861	6.1543808	5.7711066	5.8512721	6.0838204	6.1792562	6.4511905	5.5145775	6.2676536	5.7661419	6.2508551	6.2454508
C18:2 LPC	6.2295178	5.8875971	5.9863263	5.9046155	6.1933007	6.2431573	5.8670213	5.8777263	5.9040634	5.7834706	5.9925632	5.8053701	6.0700385	5.9864701	6.4184112	5.8474397	5.9418661	6.1867296	6.0019549	5.5374491	6.0748054	5.9330693	6.3000535	6.1612701	5.6582367	5.7917985	5.9887767	6.0119609	6.1476403
C18:1 LPC	5.9683705	5.6515261	5.6355787	5.8915248	6.1541088	6.3103114	5.8952016	5.9284434	6.0131781	5.7859822	5.8040353	5.6541598	5.9060578	5.9159356	6.3961818	6.1454878	5.829902	5.9641525	6.1411453	5.3847011	5.8153677	5.8795328	6.1613545	6.2750297	5.560341	5.9271058	5.8905787	6.0011208	6.1542733
C18:0 LPC	6.0285161	5.8605759	5.1725084	5.3182321	6.4496064	6.3728528	6.1156734	5.9219558	5.7768061	5.8629542	5.825182	6.0573474	6.1576586	6.5800015	6.6365603	6.3313731	5.4893882	5.8861144	6.0616588	5.5577806	5.8839763	5.8052981	6.3332454	6.4507597	5.5853244	6.1128006	5.8517058	6.368864	6.4231087
C20:4 LPC	5.9890362	5.7414658	5.6242312	5.7802059	5.9765666	6.18632	5.7664946	5.9332728	5.9006845	5.722394	5.7529865	5.67706	5.8273344	5.8350784	6.2722511	6.1540641	5.8438196	5.9772639	6.0124771	5.5368994	5.852053	5.8508987	6.0630175	6.2245395	5.6975178	5.4923113	5.8113802	6.0250812	6.1673604
C20:3 LPC	5.9772984	5.8909433	5.0287213	5.2186831	6.289654	6.2245948	6.284676	5.9121593	5.6833794	5.8726165	5.7349267	6.0417983	6.1307777	6.6259339	6.5486354	6.2271442	5.7410339	6.1903163	6.0414015	5.7414446	5.7041492	5.76873	6.2332551	6.414178	5.651384	5.8161383	5.7884646	6.3633195	6.3445148
C22:6 LPC	6.0501849	5.4376937	5.577452	5.592159	6.0754595	6.2037006	5.8667487	6.011554	5.7607827	5.7753672	5.7128244	5.7449002	5.7027202	5.7136236	6.3796731	5.923828	6.0252484	5.6164861	5.9062765	5.4522064	6.0431195	5.7537822	6.1736133	5.9085331	5.9370554	5.9402708	5.8896442	5.8664613	6.0168861
C16:0 LPE	5.8330636	6.6100393	5.9098957	6.2546271	6.1283651	5.7678946	5.3791085	6.1414827	6.1489218	5.8731982	6.0550789	5.6217824	5.4899388	5.8541436	5.8919614	6.1344041	5.7403781	6.0325893	6.1132676	6.2496616	5.6337344	6.4497977	5.979602	6.6372765	5.9696449	6.6579073	6.2013945	6.0438022	5.5702662
C18:1 LPE	5.8371562	6.4254398	5.8883107	6.4720597	5.9312292	5.7545417	5.3218816	6.1640236	6.1456373	5.809916	6.0786854	5.4526578	5.4342762	5.7603989	5.7314496	6.1623746	5.7763002	6.0467083	6.2336827	6.0166271	5.6258461	6.2843189	5.9029718	6.4536322	5.8850668	6.4207873	6.3598426	5.8320253	5.7251296
C18:0 LPE	5.6185827	5.7991785	5.4568784	6.0086725	5.7752646	5.6762672	5.4991551	6.3147472	6.3611241	5.890497	5.7550746	5.8905038	5.529139	6.2187251	5.8818729	6.115614	6.1536613	6.1963584	6.1253717	5.8198379	5.2088022	6.1674002	5.9809239	6.1840232	5.9243664	6.4253363	5.7954741	6.0933385	6.0312653
C20:4 LPE	5.8169772	6.1390816	5.9556432	5.213497	5.67791	5.5555531	5.9808018	6.0408691	5.5439742	5.9596004	5.6322172	5.9134445	5.8745151	5.7072612	6.0972952	5.836162	5.4514023	6.2281856	5.5175783	5.5478029	5.8915635	5.6196495	5.7862442	5.9662989	5.7388644	5.6732569	5.6387325	5.9935178	5.9358509
C22:6 LPE	5.7969158	5.9222898	5.8644536	4.8531789	6.0077439	6.2619903	5.7394766	6.388446	5.7778946	5.9100577	5.8967905	5.7888332	5.9313366	5.8780034	6.2475439	6.0064457	5.0431561	5.7095717	6.0308362	5.6637564	5.4256776	5.324547	6.1055385	6.1165838	5.852673	6.3203039	6.2069503	6.0851192	6.1341925
C32:2 PC	5.7765312	6.8620944	6.4267906	6.6718845	6.1132141	5.6714983	5.934363	5.8199814	6.0804933	5.7820834	6.6367864	5.8182291	5.7420772	6.3101204	5.7957825	6.1312545	5.7777424	6.1108019	5.8862938	6.2261912	5.5282543	6.0233528	5.718112	6.3759523	6.0986856	5.8392401	6.3662982	5.2516685	5.4411378
C32:1 PC	5.9346968	6.386507	6.1902957	6.0161382	6.0054621	5.6910727	5.941794	5.8851657	5.9689529	5.6730065	6.0057571	6.0361025	5.7722695	6.2643829	5.9013627	6.0714157	5.8371603	5.8224752	5.9654966	6.0510511	5.3794362	6.1436373	5.8171072	6.1321615	5.9969659	6.0335066	5.9349374	5.6632746	5.6954417
C32:0 PC	5.6709472	5.9318083	5.7610742	5.5626184	5.7640722	5.8354979	4.9384978	5.701445	5.4652672	5.9461546	5.8824168	6.088573	5.8446117	6.4356592	6.1793571	5.3839016	5.4910157	5.4892325	6.0507543	5.746848	5.2761666	5.7499864	5.7886549	6.0478793	5.7720447	5.8538221	5.7579825	5.8243936	5.4698723
C34:4 PC	5.8813627	6.6835728	6.2710811	6.3537718	6.2247264	5.7596207	5.9641831	6.0188942	5.7810788	6.028313	6.2337815	6.0212668	5.9982263	5.8839763	6.267584	6.2931281	5.643256	6.1055106	5.7263134	5.9481753	5.7190835	5.8523474	5.8839763	6.1095043	5.8108561	5.999898	6.1534862	5.3818352	5.8027291
C34:3 PC	5.9444665	6.5827666	6.5229907	6.2238115	5.856731	5.9370747	5.3858042	5.8085549	5.7938751	6.0216501	6.2789231	5.4881755	5.499192	5.9072849	6.0695366	6.2087489	5.4443223	5.9856168	5.757152	6.015567	5.6756625	5.9557029	5.9109405	5.9973541	5.899816	5.8390808	6.0359473	5.6605339	5.8550861
C34:2 PC	5.8937444	6.1860748	6.216385	6.1647708	5.7238161	5.6581879	5.7231283	5.8626842	6.0042599	5.8006056	6.1129695	5.8376481	5.6428277	6.0601177	5.8907283	6.0525417	5.8839763	5.9038136	5.901088	5.9042613	5.7019933	6.0030647	5.8000422	6.1166209	5.8771822	5.884363	6.028021	5.7277673	5.7607505
C34:1 PC	5.9207831	6.0376682	5.9416955	5.7031661	5.8491196	5.6741919	5.8483123	5.8979799	5.8908838	5.8231558	5.8276495	5.9149284	5.7221057	6.202659	6.0215678	5.9449073	5.822495	5.8017287	5.7577962	5.9342434	5.4999447	6.0848983	5.8864014	6.0352926	5.9115072	5.9545116	5.7920566	5.9146532	5.779898
C36:4 PC-A	5.9530248	6.4588204	5.9396905	5.6469012	5.6786563	5.7752538	5.8189534	5.9257269	5.7117932	6.360584	5.7756423	5.5601245	5.7810308	6.1902945	5.9102384	5.8064337	5.7410034	5.9717564	5.3348576	5.6512252	5.268115	5.9235525	5.6651732	5.7884545	5.5559422	5.8269042	5.7897131	5.7564448	5.8449518
C36:4 PC-B	5.9378375	6.133027	6.0272597	5.7391068	5.7558525	6.0055096	6.0386079	5.7819317	5.7175178	5.9114356	5.6752679	5.9806108	5.8685199	6.2136322	6.2063147	5.975249	5.7678483	5.9413853	5.6478284	5.6945417	5.7901049	5.6678638	5.8957266	5.8605784	5.6705353	6.0685952	5.828682	5.8557084	5.8991561
C36:3 PC	5.9034295	6.1375918	6.1083327	5.7522929	5.6689332	5.7628619	5.7826211	5.8422316	5.7277463	5.9778878	5.7870955	5.7734265	5.761339	6.2289662	6.0297629	6.0768544	5.8044856	5.8942737	5.8365124	5.8197903	5.7947026	5.8466363	5.8841987	5.9257008	5.6701136	6.1126284	5.7319533	5.77871	5.9888488
C36:2 PC	5.9377064	5.7980063	6.06919	5.8766287	5.5311065	5.6163628	5.6634302	5.9782643	5.9612479	5.7841772	5.9630471	5.7921321	5.5810891	5.9306211	5.891654	6.0317108	5.9941021	5.7373453	5.9751531	5.7389276	5.7942504	6.0131648	5.7857189	6.0787219	5.8096133	5.8673608	5.9672539	5.7990777	5.9034488
C36:1 PC	5.8997738	5.8440609	5.5792906	5.2692571	5.5473821	5.645842	5.668653	5.9962875	5.9228311	5.8948291	5.7448818	6.0471785	5.6945566	6.1669202	5.8943438	5.9759769	5.7601536	5.1607269	6.0653592	5.8653728	5.2156887	6.0389571	5.9937438	5.900941	5.7760104	5.9554488	5.5762529	6.0354824	6.0951128
C38:6 PC	6.1172836	5.8485876	5.941645	5.3665995	5.8311299	5.8450819	5.7785723	5.8450173	5.5765771	6.1163903	5.3471871	6.048457	5.7476032	6.2654107	5.7335944	5.9321393	5.7196743	5.7100331	5.6158749	5.326984	5.8780262	5.3685771	5.9513642	5.618694	5.5818964	6.1264467	5.5800993	5.8849584	5.9976799
C38:5 PC	5.8852102	5.9628847	5.933192	5.609568	5.7603634	5.9820772	5.9054391	5.8414757	5.6495685	6.0264643	5.5230843	6.0041957	5.9173991	6.0712712	6.2555082	5.8507157	5.8414248	5.8092084	5.7240783	5.6000489	5.8928741	5.3998948	5.8898015	5.8006041	5.6204956	5.7220532	5.8377754	5.7962923	6.0442304
C38:4 PC	5.8006603	5.8066499	5.9037536	5.7207787	5.4226845	5.9905194	5.8291618	5.8546377	5.8190595	5.7766448	5.6806379	5.9812208	5.8501743	6.036091	6.1760835	5.892926	5.8555998	5.7762376	5.7825345	5.5765224	5.7992813	5.6710825	5.7762972	5.8393931	5.5841665	5.7970713	5.7818781	5.8027255	6.0703901
C38:2 PC	5.9787786	5.707133	6.085238	6.1112055	5.9490116	5.4968061	5.6364029	5.9658417	6.088737	5.8096915	6.0758719	6.0804892	5.7141612	6.5456732	5.8839763	6.2724011	5.9658168	5.5309437	6.3072372	5.5654054	5.5714338	5.7821183	5.6304064	6.2553844	5.7294428	6.1287298	6.1270922	5.8267338	6.0313209
C40:6 PC	5.8381809	5.8609115	5.8449132	5.5890223	5.5516544	5.8999034	5.9547954	5.5385906	5.7593624	5.6398454	5.7509154	6.0953793	6.0086044	6.4157309	6.0862279	5.8968374	5.8205231	5.762772	5.8662413	5.6678659	5.9320421	5.5515714	5.9740032	5.4005748	5.4541113	6.0729149	5.714882	5.781779	6.0762102
C14:0 SM	5.7703057	6.1335942	6.0084673	5.8929913	5.8399365	5.7441573	5.7072658	5.9471674	5.8994381	6.0519102	5.938987	6.0631532	5.933045	6.1446429	5.9724896	5.8181069	5.7982056	6.1441193	5.8677662	5.9981857	5.4064288	5.7634426	5.9939343	5.8463369	6.2494458	5.5796016	5.7142459	5.7109511	5.7673579
C16:1 SM	5.6253432	5.8573278	5.7983724	5.8839763	6.0027839	5.6999143	5.679175	5.9552344	5.8961085	5.906419	5.7980172	5.9362854	5.6513882	6.0532455	5.9892209	6.0143296	5.9305177	5.927122	5.8583896	5.8568032	5.5758157	5.7465582	5.9054897	6.1571148	5.781679	5.5630381	5.6613917	5.9405999	5.7981467
C16:0 SM	5.7321219	6.0578057	5.7339403	5.7383921	5.8713581	5.7278791	5.3355084	5.9472434	5.9002091	5.9402212	5.8902347	5.9229996	5.7650495	6.3445056	6.0241691	5.8515945	5.7269327	5.9051087	5.9067333	5.9487081	5.1829279	5.8839763	5.9701286	5.8380611	6.0712615	5.8929232	5.767096	5.7940544	5.6358373
C18:2 SM	5.6716466	5.8830537	5.907637	6.0900498	5.1847168	5.6849471	5.8646713	6.042323	5.516816	6.1023411	5.9015968	5.8209142	5.4615363	6.0922483	6.1602831	5.973288	5.0326429	6.3571468	6.1404804	5.7548646	5.8213765	5.9488819	6.2638634	6.0015415	5.9551302	6.1167661	5.8643592	5.9600104	5.6700758
C18:1 SM	5.5178247	6.0074095	5.4928858	5.5998013	6.0725159	6.2975888	5.8522197	5.9012356	5.6571514	6.0557625	5.5918367	5.8614058	6.0651439	6.299768	6.2092353	5.801362	5.5770322	5.7530059	5.9400095	6.0419547	5.8693698	5.991575	6.0309131	5.7968154	5.9230749	5.7053846	5.6839911	6.0725965	5.9756509
C18:0 SM	5.3141379	6.1547759	6.0306319	5.3908713	5.8799599	6.4527197	5.4840392	5.8493355	5.5759107	6.3922013	5.6210284	5.8120303	6.0701359	6.7802074	5.9211308	5.6184085	5.4331528	6.2863571	5.7158142	5.8161254	5.4488202	5.6936386	5.9406824	5.4945329	6.4046919	5.872431	5.7550427	5.9737858	5.9042501
C22:1 SM	5.890549	6.1568413	6.1252941	5.8398248	5.673527	5.6969223	5.6726387	5.8475433	5.7980833	5.9288881	5.7641322	5.8042068	5.650439	6.2603413	5.9354718	6.1472649	5.8799603	5.7187167	5.8750277	5.8763537	5.8100971	5.6787794	5.8045863	6.0679523	5.9916824	6.0495609	5.7527115	5.8193194	5.9009416
C22:0 SM	5.9190812	5.8225301	6.1283794	5.9135159	5.4875231	5.5403446	5.6369976	5.9639931	6.0072784	5.7604296	6.0224851	5.7841032	5.5357642	5.8786467	5.8455873	6.0859145	6.0311074	5.7399459	6.0104956	5.7314358	5.7631312	6.0003783	5.7846889	6.1263205	5.785377	5.8556019	5.9774887	5.7979883	5.8712693
C24:1 SM	5.9399202	5.9093607	6.164377	6.0800382	6.0027539	5.8207165	5.561977	5.9047639	6.1000895	5.8839763	5.8052788	6.0906259	5.8344661	6.613335	5.7706946	5.7446563	5.757639	5.0432011	5.9405294	5.9350376	5.6104522	5.5939812	6.0637814	5.7084302	6.179397	5.7896147	6.0433534	5.7690715	5.9203657
C24:0 SM	5.9132993	6.20557	6.144355	5.9061816	5.9907549	5.7258197	5.6120344	5.9658672	6.1520619	6.3032448	5.7196804	6.0662704	5.7365213	6.9383673	5.4995315	5.2954279	5.8313069	5.501898	5.7670636	6.0226989	5.720338	5.9380928	6.0543058	5.5885887	6.2801518	5.9613537	5.6780975	5.8060571	6.0597616
C34:2 DAG	4.8089275	6.3456013	6.0340205	5.7121859	5.1839666	5.3128387	5.3619758	5.3674866	5.5968564	5.0350965	6.2020428	5.1381136	5.2183534	6.9422354	5.4836828	6.6591634	6.453971	5.0321834	5.5739661	5.896748	6.4598505	5.976605	4.6981861	5.5418561	5.2204416	5.7972816	5.1506759	5.2777373	5.2964441
C34:1 DAG	5.5009762	6.2077949	5.5151142	5.5297414	5.5361077	5.5311031	5.6204683	6.3336818	6.0713073	5.0028197	6.5163484	5.4122805	5.5249943	6.3051817	5.9608284	5.3271278	6.1287038	5.4957174	6.4232404	5.976353	5.5577198	5.95592	5.8919387	6.6793226	5.6554189	5.8730147	5.722368	5.9889944	5.6697581
C36:2 DAG	5.4267757	6.119921	5.5501009	5.6745596	5.5263125	5.9017646	5.6860648	6.0748533	5.7162578	5.0568107	6.4599433	5.4252827	5.7166304	6.3545527	5.8775215	5.6835916	6.3180913	6.0315908	6.2833326	5.9634073	5.8837023	5.422735	5.720619	6.4813961	5.663781	5.6774399	5.8102196	5.9749415	5.793063
C36:1 DAG	5.6727913	5.9531574	5.1197036	5.7606577	5.299492	5.7134412	5.7183867	6.2464039	5.7696167	5.3986062	6.1774416	5.6541492	5.7033563	6.5351957	5.7874475	5.6184935	5.9569454	5.327828	6.3486881	5.874708	5.5716483	5.8643198	5.8848381	6.2485904	5.9375759	5.8970394	5.5626152	5.9529749	5.9475251
C14:0 CE	5.8203247	5.5736078	5.7852889	5.4270485	5.9352859	6.1163485	5.8801323	6.0650649	5.9837861	5.5794456	5.772425	5.8735634	5.7833414	6.5757392	6.1584559	5.9439292	6.1761648	5.8164554	5.881854	5.7541589	5.9274484	5.816221	5.8717111	6.0939141	5.8281028	5.728626	5.9669623	6.0169704	6.1568148
C16:1 CE	6.0852469	4.8149532	5.8373131	5.5810811	5.9961367	6.0522337	5.7335304	6.0886612	5.9099056	5.9256355	5.551722	5.9238222	5.8357412	6.420414	6.0734853	6.0037146	6.051949	5.3109096	5.8708676	5.5338854	5.8302769	5.8723034	5.9019298	5.8909992	5.8826662	5.3882705	5.891868	5.9354658	6.1070106
C16:0 CE	5.8811617	5.1450821	5.8010681	5.7397226	5.8195974	5.8728315	5.8282939	5.9864446	5.8522655	5.8637068	5.6509567	5.8845322	5.9561428	6.3666267	6.1590799	5.8160605	5.9958072	5.0552523	5.8860806	5.7050558	5.883806	5.9631803	5.8919613	5.9426779	5.9176453	5.4299713	5.6366175	6.0681736	6.0363131
C18:3 CE	5.9810083	4.9686849	5.8476603	5.3284076	5.9815973	6.0478404	5.9810564	6.057091	5.7392513	5.8664348	5.5591338	6.1906386	5.7995331	5.7672904	6.0698546	6.2511963	6.291784	5.4601655	5.9120036	5.4134652	5.991806	5.8596309	6.0806297	5.8255556	5.885946	5.7814845	5.8053574	5.8616076	6.2023528
C18:2 CE	6.1514762	4.8306387	5.9705309	5.6560004	6.0802596	5.9619292	5.8567443	6.1971097	5.8762728	5.8712467	5.4034587	5.9672838	5.9002541	6.2778348	6.2242058	6.048012	6.1690154	4.7965778	5.8134422	5.53378	5.8449115	5.9621864	5.8978184	5.7367049	5.8614285	5.1785863	5.98376	5.8384305	6.2156407
C18:1 CE	6.0337587	5.013551	5.7018174	5.6602223	5.9208082	5.961726	5.799208	5.9978415	5.8688512	5.7635239	5.6266412	5.8375845	5.7859215	6.4613031	6.1083288	5.9998773	6.0545889	4.5898367	5.9136613	5.6593743	5.9075361	5.894579	5.8591884	5.9019257	5.7721587	5.5200591	5.7209068	5.9879739	6.094379
C18:0 CE	5.8053447	5.2506435	5.617558	5.7288094	5.7443166	5.8995492	6.0691149	5.8914006	5.7802005	5.9987689	5.4425031	5.7912049	5.7637525	6.7881423	5.8821816	6.1084885	6.0386237	5.4264973	5.9643881	5.7102963	5.7277577	5.7549212	5.9233279	5.8902383	5.7808234	5.8592353	5.3929229	6.3544653	6.4927877
C20:5 CE	6.146333	5.0011083	5.8044682	5.6622053	5.9611516	6.0672698	5.7419505	6.0237913	5.754641	5.8223979	5.3611986	5.9773365	5.8517004	5.7314833	6.1782585	5.9381048	6.0559887	5.3045447	5.7461171	5.4803828	5.9981784	5.8965796	5.9867615	5.8719208	5.8797831	5.6632745	5.877459	6.0587839	6.2458179
C20:4 CE	6.0957674	4.647532	5.8920169	5.5107102	5.9821262	6.0482907	5.7909583	6.0935453	5.8141262	5.866191	5.45614	5.9957114	5.8917639	5.6401152	6.1166908	6.0651997	6.1231846	4.3464795	5.8487416	5.5223699	5.8807989	5.9893313	5.9515838	5.7708077	5.9242565	5.1879628	5.8455301	5.890597	6.199429
C20:3 CE	6.0847727	5.1362476	5.7803419	5.3931494	5.96884	6.0380643	5.7842311	6.1679137	5.8035794	5.8840816	5.3816061	5.8991004	5.9041432	6.2592633	6.1804083	5.941946	6.1445601	5.41737	5.8914901	5.6802402	5.9023093	5.8083983	5.8928901	5.5806416	5.890362	5.7394532	5.7726771	5.9863437	6.3977188
C22:6 CE	6.1559005	5.1668504	5.6643933	5.5669447	6.0011369	6.0998742	5.4528277	6.1263399	5.9050403	5.924597	5.2448131	5.8938251	5.8067649	5.7985306	6.2866955	5.9363531	6.0493358	5.3044787	5.8446478	5.4317416	6.0899994	5.7130729	5.8068347	5.8054655	5.7937618	5.498815	5.8635119	6.0023398	6.4559983
C46:2 TAG	5.8663973	7.3064647	6.2137201	6.3992141	6.7667046	5.6192279	6.8335422	5.6657481	5.558409	5.5011678	7.3230096	6.2558718	6.3303821	6.8104375	6.1657476	5.996564	5.4666762	6.1745284	5.9269264	7.0251663	5.8111203	6.328065	6.2495287	6.6981127	6.0675256	6.1719536	5.8217052	6.1928669	5.9314735
C46:1 TAG	5.6392221	7.3621365	5.8882695	5.8487656	6.5979398	5.5375521	6.2173288	5.8082812	5.5944891	5.3568561	7.1093059	6.2694894	6.1851436	6.8791579	5.8782341	6.0009122	5.4888339	5.7376847	6.1466263	7.1920281	5.4495328	6.7520897	6.3824735	6.6664889	6.2959589	6.5098744	5.6291245	6.2604651	5.4080905
C46:0 TAG	5.8550583	6.9684398	5.7757704	5.6483774	6.1016458	5.7297077	6.1348097	5.9426806	5.6841171	5.7629053	6.7233407	6.0696202	5.6409769	6.4234134	5.9563709	5.9968964	5.6272303	5.9942803	6.176875	6.7779161	5.6393424	6.7041796	6.0696664	6.4576731	6.2657388	6.6557585	5.6985009	6.2860317	5.7539147
C48:3 TAG	5.8582013	7.0123312	6.4189565	6.6638885	6.3550766	5.2392954	6.8232689	4.895499	5.4718274	5.4893075	7.6586671	6.5571129	6.513286	7.0188683	6.4471362	6.0800089	5.1973104	5.8192447	5.6280609	6.6712495	5.8534534	6.0086772	6.4687824	6.5299181	5.3220994	5.2762318	5.2934299	6.0509421	5.3481197
C48:2 TAG	5.7426934	7.0061032	6.2416431	6.4637125	6.4724812	5.5977872	6.699305	5.6347448	5.8425567	5.2079135	7.0920769	6.1417669	6.2125208	6.9692073	6.0417645	5.9553683	5.6078007	5.2465363	6.0576582	6.9508649	5.4932872	6.3301018	6.2941517	6.6885681	6.0752552	6.2601161	5.7788092	6.1678107	5.3763959
C48:1 TAG	5.6824209	6.8827486	5.6455689	5.5930378	6.2301152	5.5556182	6.0311353	5.7485161	5.626388	5.4232429	6.9030117	5.951464	5.9736229	7.0345816	5.6449704	5.9964533	5.5663189	4.9757768	6.1394733	6.8389981	5.0871719	6.5888243	6.1844028	6.5676891	6.1783361	6.5493427	5.5490161	6.3146228	5.3073167
C48:0 TAG	5.4896757	6.8385244	5.5354219	5.3412145	6.2683476	5.4831559	5.9396861	5.860862	5.6377739	5.8252891	6.7487609	5.7432182	5.5422276	6.7109567	5.2895976	5.8488651	5.5640052	5.418296	6.0203013	6.4842558	5.113339	6.8229583	6.0873816	6.3626153	6.06	6.8420111	5.0849062	6.292771	5.3516901
C50:3 TAG	5.8377667	6.6359717	6.230624	6.522911	6.1409502	5.6220868	6.6367699	5.474077	5.5527883	5.5079643	7.1037607	6.0526722	6.0556018	7.0199903	5.9920559	5.9100957	5.4389159	4.9445105	5.8878102	6.5067307	5.8977745	5.8101603	6.1786435	6.4153487	5.7087703	6.0625768	5.8670998	6.120189	5.2570745
C50:2 TAG	5.8236621	6.5137826	5.8984315	6.169184	5.9716049	5.6213637	6.3345862	5.4624476	5.8509103	5.4309124	6.7606187	5.9948977	5.9152519	7.0968717	5.8384449	5.9235562	5.5714248	4.9785545	6.0675921	6.5836778	5.4396035	6.1059504	6.1250492	6.4958072	5.8660192	6.2543963	5.7498658	6.1404982	5.476702
C50:1 TAG	5.715306	6.4958462	5.4484173	5.2582314	5.8483184	5.6445222	5.9106622	5.7332697	5.6504441	5.7173737	6.5973107	5.7351244	5.6576424	7.0011499	5.5226803	5.7922471	5.5737067	4.8347179	6.080833	6.3668895	5.0742299	6.3989401	5.9676755	6.3684293	6.0254603	6.5916875	5.3518656	6.3299124	5.5104493
C50:0 TAG	5.3985741	6.5796461	5.2893455	5.1955392	5.6233628	5.359707	5.8718154	5.7539824	5.2937819	5.7372857	6.4641167	5.4223174	5.3360286	6.6064176	5.5314723	5.774927	5.5172419	5.7351041	5.9430143	6.2129446	5.394266	6.6901729	5.7954954	6.4147622	5.8180932	6.8564921	5.2926026	6.6324031	6.0410157
C52:5 TAG	5.7272954	6.5248062	5.7360843	5.9167823	6.2164582	5.6625577	6.6467097	5.6563874	5.3265903	5.9151989	6.2497114	5.9979707	6.0348668	6.8818075	6.3676602	5.7758702	5.7274647	5.7165245	6.1853468	6.2986985	6.1514871	5.7454682	6.1115821	5.7824711	5.6234474	6.0221395	5.6053494	6.1973322	5.7445393
C52:4 TAG	5.749164	6.2366981	6.0850293	6.0391493	5.7932556	5.7419074	6.4802938	5.3645801	5.0383025	5.7269416	6.3376358	6.0254323	6.0143691	7.0374066	6.1453174	5.8951011	5.2354904	5.6419086	6.097473	5.9983578	6.1701463	5.6873157	6.0672651	5.8795371	5.6425893	6.0988345	5.5813309	6.1456898	5.7588635
C52:3 TAG	5.791313	6.0586474	6.0513966	6.3174988	5.6714275	5.629869	6.3127777	5.5929957	5.7189847	5.618548	6.5698461	5.9512407	5.7985138	7.0250238	5.942254	5.9379131	5.6225421	5.0246321	5.9233782	6.1772053	5.9157783	5.7182523	6.0270332	6.2225394	5.7935995	6.0579194	5.837003	6.1239785	5.6224165
C52:2 TAG	5.7378453	6.0191127	5.7534245	5.8644923	5.6616272	5.6351593	5.9726234	5.6095733	5.9234861	5.7106688	6.3828759	5.8714351	5.7853866	7.0810294	5.7543109	5.7579995	5.4602432	4.879859	6.0359541	6.2274611	5.4413808	5.8487555	6.0050435	6.2688303	5.8336181	6.2437534	5.6858928	6.1130748	5.5991159
C52:1 TAG	5.6236698	6.120346	5.2905528	5.1303323	5.3968328	5.4757749	5.8178079	5.7711654	5.2785953	5.8481583	6.27262	5.7522768	5.6007185	6.8517859	5.4769577	5.7501536	5.3203622	4.9014341	6.0239771	6.1002295	5.5659288	6.2280148	5.7733508	6.1589175	5.7824594	6.5978288	5.2826033	6.4087573	5.9877096
C54:7 TAG	5.9321123	6.1050042	5.9212582	5.2932614	6.0014276	5.5742806	6.2526067	5.7036884	5.42469	6.0888734	6.1473831	5.8808261	5.9293547	6.7621358	6.1835209	5.7341253	5.8250549	5.8046196	6.2114034	5.9586639	6.177925	5.538693	5.8376301	5.7317216	5.7817138	5.8839375	5.6856272	6.0555447	6.0077751
C54:6 TAG	5.8784557	6.3357023	5.771143	5.553507	6.136071	5.7380805	6.3635581	5.7402838	5.5384885	6.0647347	5.970391	5.8684633	5.9304984	6.8993836	6.344357	5.648722	5.9474898	4.8813713	5.7470034	6.0421194	6.1026425	5.3691574	5.9707502	5.7412818	5.7779902	6.1920363	5.6268682	6.220456	5.9251093
C54:5 TAG	5.8172136	6.2316547	5.8226503	6.0215747	5.5123794	5.803749	6.5328993	5.5824199	5.2759636	5.9137258	5.9996389	6.0868497	5.9357291	7.2969281	6.4266204	5.7458343	4.7086483	4.2475504	6.1344642	5.9219628	6.2189351	5.5155179	6.109335	5.6042064	5.8002486	6.1633656	5.4672817	6.2168886	6.0836628
C54:4 TAG	5.7320724	5.9116587	6.0452062	5.7729531	5.6213389	5.8533712	6.4054061	5.4058551	5.1540154	5.7205376	5.8280396	5.9810149	5.88006	7.1001011	6.2100729	5.8350523	5.3052228	5.4766795	5.6574365	5.8197717	6.095999	5.2049016	5.9565082	5.5376917	5.5775082	6.008198	5.6318008	6.144992	5.8130049
C54:3 TAG	5.848401	5.6549287	6.0143387	6.0223386	5.4342649	5.669696	6.2831627	5.4991478	5.6989384	5.5619913	6.2881091	5.9765762	5.771962	6.9464789	5.8400382	5.8125243	5.625192	4.7059486	5.8365757	5.9471699	5.9653223	5.4788648	5.9468569	6.0399183	5.5560639	6.0303408	6.0171936	6.0923547	5.8364995
C54:2 TAG	5.7142763	5.8496128	5.3005494	5.6274289	5.1615509	5.5871376	5.9425843	5.5128018	5.5558087	5.6143242	6.2840948	6.0003501	5.8081523	6.9932374	5.7094093	5.7849559	5.2519617	4.6992709	6.105762	5.9670356	5.5016653	5.6345517	5.8929729	6.203544	5.7579859	6.379055	5.6048927	6.247729	5.9730399
C54:1 TAG	5.4126043	5.9078725	5.2120969	5.3576169	5.1205139	5.5841214	5.9012257	5.6612466	5.1932719	5.9162373	6.2310332	5.8941692	5.7362587	6.6593128	5.7167592	5.8033012	5.5046167	5.6309953	6.188284	5.9443581	5.6648	5.8162367	5.7015522	6.2391426	5.8965654	6.8042963	5.4521964	6.5374081	6.3934092
C56:8 TAG	5.7967833	5.9675144	5.5443269	5.8248834	5.0266274	5.9676031	6.0225911	5.8789624	5.0007111	5.7177113	5.776225	5.8201973	5.6054436	5.8210259	6.0481698	5.59184	6.0292959	5.6725353	5.7521561	5.6735316	5.9057827	6.0597754	5.7107088	5.5360749	5.7337524	5.7338728	5.9259207	5.7483013	5.8731939
C56:7 TAG	6.0305602	6.0272207	6.4229724	5.3030573	5.6504602	5.6591812	6.0988045	5.5156358	5.3241471	6.1069339	5.6022353	5.6772724	5.9116564	6.8987893	6.5856341	5.39522	5.50481	5.6582179	5.8380159	5.6192383	6.1591067	5.0331596	5.8713371	5.4933845	5.5916943	6.1351051	5.7911041	6.0869896	5.9448082
C56:6 TAG	5.8055079	5.9891386	5.6847102	5.3493283	5.7517762	5.8401583	6.4425148	5.6262813	5.2715134	5.7456356	5.7331017	6.0638344	6.0214541	6.8473374	6.5917077	5.6290849	5.5130432	5.8597828	5.5425209	5.8090912	6.2853279	5.4114974	6.1210968	5.5448772	5.7299951	5.8633092	5.7763844	6.3520529	6.0840066
C56:5 TAG	5.5919495	5.8383083	5.9467511	5.5663692	5.544789	5.7948263	6.3245255	5.3465811	5.1730523	5.9812603	5.6694764	6.202897	6.0200169	7.0395549	6.4451454	5.5238908	5.1074375	5.6937971	5.6738524	5.5427455	6.2593285	5.2524506	5.9974496	4.9750978	5.749853	5.9015694	5.8741717	5.9837148	6.3080632
C56:4 TAG	5.931925	5.5908433	5.9950703	5.9185745	5.2851613	5.6416886	6.3904604	5.2221293	5.253519	5.6317561	5.9215732	6.4256479	6.0198775	7.3787688	6.2727667	5.8353503	5.3499178	5.745813	5.5719994	5.6283507	6.1272341	5.352476	5.9267198	5.5977715	5.5398488	6.102696	5.8384481	6.3702612	6.1596048
C56:3 TAG	5.851915	5.7577152	5.6879448	6.0436641	5.0710906	5.6841386	6.2968057	5.2839527	5.4889365	5.8060063	6.2365156	6.2118923	5.8801185	6.9099327	5.9638746	5.975526	5.5526274	5.5580497	6.0939459	5.7655585	5.7999989	5.187338	5.8082782	6.2852774	5.6632073	6.1842561	6.1595039	6.171223	6.0030302
C56:2 TAG	5.8151948	6.0514859	5.2854859	5.531883	5.155652	5.6895102	5.6123291	5.4381765	5.4269455	5.7171111	6.3805476	6.210392	5.9577683	6.9752881	5.913156	5.9114143	5.6547087	5.732038	6.3857252	5.8214538	5.4055271	5.51416	5.6119001	6.5260782	5.8550375	6.6442307	5.669253	6.3075303	6.1709389
C58:8 TAG	5.8839763	5.8891742	5.9058748	5.0929322	5.596675	5.8435668	6.0666231	5.3214681	5.1168109	5.9975816	5.5376208	5.923512	5.9607686	6.9746481	6.7620602	5.38151	5.1908695	5.7474773	5.6018348	5.3555774	6.5467665	5.2472332	5.655223	5.4075664	5.4418099	5.9140407	5.8161536	6.3322257	6.243322
C58:7 TAG	6.1686862	5.9723275	5.5315683	4.9810738	5.4813673	6.1864343	6.258526	5.0495372	4.8802848	5.4219827	5.9401629	5.9159831	5.9792672	6.8220947	7.1035343	5.3332461	4.7039198	5.6888604	5.3336179	5.639801	6.4531622	5.1354081	6.1024694	5.5441645	5.3868151	6.1466866	6.2326592	6.3028265	6.1769863
C58:6 TAG	5.7614049	5.7725311	5.52853	5.4651323	5.5039193	5.8077679	6.3486506	5.1911306	5.1151155	6.1113676	5.4986134	6.1303356	5.9509999	7.0500242	6.6811556	5.3857824	5.1538239	5.6368323	5.4305931	5.4988886	6.4426441	5.1395198	5.7539055	5.4766584	5.7279338	5.8806887	5.9056971	6.2948645	6.423505
